8502
2304
4035
7897
2166
9076
5302
5715
800
6722
1606
472
2189
1595
4832
5493
5417
781
3854
6100
6949
4150
5895
2143
2779
6150
7552
8
107
5030
4425
7086
7825
5845
7968
5915
3427
4615
9288
9847
8046
7253
4265
1617
205
2065
8677
9417
7886
6743
7608
3018
6091
539
2191
5384
2826
5128
4428
8510
834
9766
598
3146
3675
926
6795
9590
5553
460
9577
3814
4089
7490
2309
5398
4562
6125
6605
3442
8241
9712
3959
4517
6198
9633
6877
8535
2856
5064
9872
3927
3292
5472
2425
7717
9428
5571
7855
4070
820
1351
843
7844
9121
5109
6533
6618
6471
7178
5863
7149
5809
5017
7751
2282
1337
18
6199
2821
5806
445
6064
2106
9513
9242
5859
8894
5922
1408
1227
9583
5123
7873
1134
7092
8017
6600
1638
4011
4439
5042
1159
5714
7795
7960
6508
4410
3573
1472
1031
5010
7303
8088
1428
2224
5049
1439
1063
8566
481
4728
3376
3257
3773
35
1613
4529
4167
7965
2082
6206
728
9875
4805
7503
872
2340
216
1768
3209
2292
3473
4380
1075
8529
5103
8771
7363
3248
7271
3640
4923
2999
1940
4686
316
9679
3801
415
3853
9578
4064
6561
7653
9264
4220
5988
9171
6655
3300
4419
3393
5311
4749
1445
4709
662
3085
571
9603
2989
1259
877
6649
2653
6735
7693
2463
724
8854
58
4625
6767
9476
1087
8624
5320
7091
6148
8512
1866
4841
3261
6041
2126
2827
1393
4514
5719
4450
8559
4243
9769
4491
4856
5790
279
24
9708
6193
7860
2727
5440
9068
9925
8662
426
2394
6489
6136
2072
663
1887
6338
1556
5119
527
9749
7680
979
1
6910
5231
8784
3852
7383
4006
3938
733
2873
961
4320
2450
4091
9442
3867
5948
8465
8783
2026
3336
5376
8112
4800
9760
6563
4447
206
2588
4690
5843
1312
8426
7141
2097
7432
7852
9405
5377
5152
555
3730
2775
4284
822
6594
5909
9823
4669
6585
4376
8959
6362
924
7914
6339
4613
5541
920
5855
9350
5500
4317
2159
2317
799
8871
5800
9659
6982
6884
4068
1900
8671
477
9647
7297
3230
8095
207
866
8575
9244
2439
6869
1958
2711
6472
7899
3101
6512
1711
7470
3354
9794
2554
8160
7196
7950
5345
5247
2167
3496
4422
4154
4227
5133
3593
6661
436
4954
9337
6083
8763
8695
8187
1669
5637
8475
3054
556
1880
121
2991
8351
1250
8129
6221
6873
4233
6345
1165
7114
6553
7483
9518
2405
7930
3847
1781
8007
1204
1902
2376
1487
9501
8454
7192
7128
7153
7063
5270
7231
4433
3513
9971
5899
7045
2781
4262
9489
3156
4868
4495
9241
3205
8811
7219
2416
9139
3987
9576
9479
8175
5725
500
5839
9728
7405
9833
1354
33
8809
848
635
8879
3851
4753
8913
257
5307
1771
7411
2013
8684
5134
9676
5176
7858
5275
3766
6693
6734
5614
7350
8727
9502
3225
8985
4264
3647
4639
8560
9446
7399
955
9535
2591
6872
7541
8495
3757
1885
9774
3816
5178
8549
4564
1609
563
5520
3167
2956
8689
2160
8011
20
7773
10
7911
1926
7434
4557
1359
6294
9459
6368
65
138
755
3710
4801
6783
5801
8304
5084
9638
9273
1222
2718
2994
346
8818
8500
1799
5591
5262
6899
1270
6802
7
2085
1452
9741
4105
3777
2186
5767
8981
9626
5044
7754
9445
5357
1956
2426
678
3950
131
6675
946
7734
1767
8518
8246
4671
7615
3436
778
7631
5021
6945
289
5688
905
2663
2258
8423
2980
5056
5492
6418
1054
3716
4835
954
5666
3021
9426
3116
1819
3122
8196
885
3069
7035
4957
5274
7313
3193
9319
1243
2496
5272
8142
3463
6826
9651
2961
4277
140
6730
5065
3948
1991
4404
8833
7971
4711
8693
3711
162
4618
4036
6089
13
9612
3952
4101
4298
9100
1480
8990
8228
6167
5282
2361
7953
8980
779
7368
3813
6751
8622
7843
1231
2717
9149
3410
4360
2477
219
241
9662
5763
9761
3772
3677
5353
8125
6893
2957
9304
7813
1414
7493
6556
393
2679
1314
2039
6555
9709
9188
995
9460
7778
5646
585
3588
9786
2397
441
1854
665
7807
6889
2872
8897
9839
2212
2337
6458
41
7204
3468
9713
3307
6245
1140
9743
698
1196
4652
6238
9409
3830
6958
7548
942
6165
3296
3670
6147
8350
8775
2042
1564
8914
5306
8961
8949
4516
6404
9902
761
5348
2660
2035
6758
5760
2303
9580
8584
7139
8596
8335
360
7471
4192
7046
9326
8698
1252
1721
6056
186
7144
3744
6484
1362
5439
3947
8267
1543
939
1080
973
6948
3610
7814
4547
4605
4081
4883
5305
8182
3591
3720
468
682
4392
4724
6026
5606
4106
7740
4683
3572
4092
5346
7644
439
6388
1895
4991
6801
6273
9617
9129
5558
3946
5671
4761
5183
4261
9919
4575
9984
4067
2825
1676
7670
7863
6834
1743
488
1731
6967
5444
1022
6548
39
1698
6185
390
5402
4338
6859
9563
6913
9440
9011
8470
7325
8478
5392
6344
100
1990
5463
2730
2140
600
7051
76
6098
3912
7963
1386
1398
3114
7633
8728
8355
3148
7142
3836
5742
4501
5808
6865
1119
9075
5992
6603
5919
9589
342
9034
8719
9543
6088
3431
8403
458
231
4126
687
170
6766
238
3201
3403
9542
5521
8411
9649
7174
1081
9810
8326
6269
6337
8644
6543
9473
2701
5455
3293
2962
1253
2981
6115
6664
8725
2165
1514
1421
3003
3066
2449
6520
4549
8113
2947
8442
769
2538
5469
3584
4292
790
6786
5686
2982
8300
42
5906
945
5644
7314
1933
7268
9695
823
2802
2952
9173
6914
2195
8201
7238
1499
3243
6716
8158
7587
7058
3784
2733
6408
9519
7078
9996
9942
5601
7319
2056
3826
6008
5978
653
9141
3664
1846
7163
5618
3977
3162
7125
9189
1279
7707
1401
984
3630
4958
5160
633
4687
5297
6316
2370
658
4511
2695
8960
2083
8937
64
2751
2862
4986
4466
7395
5501
1821
3526
8519
4543
2184
858
4826
7705
2116
1615
7075
226
1015
4990
8991
7442
2551
3138
6741
9852
7285
9147
9666
2574
9140
4135
4009
8878
2153
3964
8743
697
5592
3997
9906
7372
5834
9487
6290
6654
8415
6907
3577
4875
9982
202
3192
6059
6977
812
2171
7000
3298
5328
8830
6081
1960
7116
8589
8933
8795
5096
6527
6607
8078
5630
9771
5964
6135
6457
1524
7481
9686
7452
1103
2913
6376
5676
8265
9154
2128
6275
8041
5842
5526
7630
4180
452
4052
6178
4596
3295
753
1623
2894
9505
8033
6596
4895
8567
4929
9814
1382
5007
4627
2181
1073
6581
3749
2089
9328
9217
1049
5563
5388
7251
5730
5061
5962
9084
9094
2447
7824
2453
7900
2152
3087
6663
4476
6633
278
5246
1347
3404
1757
1967
2842
5659
8555
9912
8499
5350
2973
2762
2066
80
1468
2156
4767
3055
7209
221
2643
8761
5169
3191
5615
980
1356
993
6079
2145
7261
2205
3141
1988
3491
5837
7005
3602
7722
9546
2420
4762
4994
5917
4645
4394
7512
8094
2514
4388
270
7008
5782
9627
3023
3954
2220
7952
3679
4712
7073
6816
5940
4950
9410
6651
9835
3975
9640
7353
5685
4133
8705
8852
7140
8983
643
9144
6170
2326
265
1158
5519
5409
7448
23
8882
9821
7956
4810
1777
1787
1116
467
1858
1343
7183
6333
7273
6906
2985
8338
9490
6891
5116
730
8254
8620
217
4153
3105
5035
8513
6258
7525
3693
3652
8077
1619
2147
6921
3538
6863
3740
709
4157
7283
8526
259
6277
4204
1379
6711
1892
3467
3297
6931
6690
4897
8110
463
5647
4244
3184
3546
1295
6742
8381
5301
7972
7048
2086
749
8827
2271
5181
7516
704
2339
5918
133
4471
8080
2129
8557
339
1740
5216
1657
5610
3440
9658
8417
6381
719
368
9177
3456
8371
7356
1648
6108
2015
4100
5290
2432
1423
7348
7469
1530
4104
8515
105
4418
8222
1161
1827
9843
8369
6616
3619
3142
8164
8986
2661
806
8623
3494
6676
971
5813
3332
8430
4098
566
4324
1876
2310
8543
1753
811
745
5792
5308
2362
6550
9838
8410
285
8649
166
7484
1735
8382
8614
4240
9468
2763
3143
8352
9593
2458
6027
148
7698
1863
8266
8331
2314
7152
7811
7248
4365
9420
9122
5074
1832
1593
9869
2471
6752
1764
8562
2366
9112
2014
6809
9894
8066
3865
944
504
4640
928
6927
2119
8971
8943
4855
3360
290
7757
7584
8938
1540
5833
6860
6800
2182
2197
5856
6321
5608
4675
1294
3515
1346
4291
2545
4409
6211
6476
2587
3834
310
3904
9581
5473
192
9346
6146
7057
1192
4520
6936
8315
7223
87
2096
2923
3199
3705
8994
4168
5645
4502
378
2404
8141
2196
2306
7716
8286
6524
4913
3920
8586
2067
7115
8053
1949
2618
1516
8145
3639
646
5156
4584
1581
2208
624
3641
9825
1011
7812
8239
1027
2814
4763
9818
4020
4464
7623
6177
5797
4195
3725
7052
1526
7832
5380
2996
1651
9748
4022
4210
4983
5972
3252
4087
6406
8595
2149
430
3063
267
6858
8611
8506
8870
9903
6922
3817
4099
3555
8957
4646
4608
5296
1126
6220
3732
5505
5234
7184
1759
8797
3315
5822
1766
5960
835
5516
9776
2054
4352
6490
4814
3934
8694
9540
2138
297
8606
2901
7976
9738
8754
3835
1778
1709
4050
674
2226
1608
6771
9365
4911
7996
4650
3875
676
8749
5858
3962
9115
1257
5420
4889
1870
3984
7113
6901
4513
179
1101
7563
2446
8105
1435
101
735
8268
3390
9472
8786
8414
7789
7848
8807
3755
1495
8605
3231
6085
4731
3993
3866
3632
9532
8676
4534
8428
5266
4887
2568
9807
3970
44
6606
4181
4885
5954
7566
8572
6459
8181
6499
3972
2841
7712
1394
9700
6194
3919
6699
3657
9380
1228
6116
9457
1007
8162
9631
5255
9994
3204
9921
9599
4452
40
5447
1922
8150
6892
6354
9170
4179
6463
9438
1752
405
8468
8045
4166
5125
2373
9353
7019
1014
4717
5692
1206
3727
7726
4789
5005
8742
4972
2422
3419
4976
2682
9561
3133
6493
232
5190
8340
9355
8858
2917
8126
6164
9277
5609
2499
295
5429
2400
1728
1107
2364
8890
7451
4455
7820
3058
7891
288
8734
9899
7179
4734
6137
2245
68
3002
1614
3095
7800
9893
1467
6305
1389
6140
3750
1710
7946
8296
8173
741
9866
7435
9705
7031
8272
4041
4171
8349
7408
2162
4926
6131
6095
9462
523
8511
1164
3922
5309
9856
705
8261
7246
6774
7317
4694
8869
1859
1404
8730
9528
9402
8356
2375
6154
1944
2484
6196
750
3601
9755
609
4046
8496
1048
2325
1493
9859
9591
3175
2168
2686
1715
4927
7206
7477
5207
6068
9873
8176
2047
8968
371
7072
3462
9967
236
4943
5953
1420
950
8052
4737
4956
6729
7462
6372
9488
748
5312
577
891
4984
7027
569
1566
5057
9078
5755
4300
2566
3838
1776
8918
4758
4679
6635
2121
95
515
8264
2749
7517
5523
2546
775
1934
416
8051
9914
5956
2468
6357
5206
685
5632
9808
8124
2906
9185
7413
6971
7904
155
7320
7316
7898
5264
7567
9804
5829
280
2021
2235
1702
6255
1220
8825
4538
5997
2328
7964
4777
189
9960
8208
6053
4802
408
2784
8425
7279
3312
2099
5248
9822
6456
2324
9344
6677
4077
7029
4536
8000
2879
8785
4914
5117
5408
5129
6660
6010
6848
903
5772
512
9495
9973
5300
4768
2173
5680
5174
7535
9777
78
276
1893
1324
5188
5489
8460
743
5104
2535
8599
9655
8675
4423
9116
873
2359
9119
1306
4945
3737
9884
2418
4766
6176
1981
2632
5888
4461
8944
998
4992
2060
4955
2939
1661
7533
6719
2142
1361
5210
6061
8601
1230
844
2543
1513
3220
8227
4430
4912
7643
1680
9385
1360
6142
6014
4231
8819
8153
8632
3527
4375
6652
2438
6038
8368
6597
1598
4975
1890
592
1865
4833
8760
5672
323
5435
9099
4188
4952
6019
2721
4917
7718
5740
8462
3080
923
3437
889
4677
5854
5003
2498
7343
907
4750
2178
2234
3636
1246
8999
8860
8604
2333
2689
7586
3509
9955
9498
2077
4242
4270
5542
154
4187
484
461
1481
3930
3957
3135
5588
1175
6974
2133
8737
2933
8836
3387
1605
2392
5171
7095
5058
7657
9334
899
9595
6503
3005
4791
8079
3712
830
7146
4546
7159
2491
691
5941
3151
8539
3046
88
9425
1842
1906
2358
8485
7071
471
7573
508
8375
867
1695
7476
3439
6617
2407
4158
8955
8263
2597
1666
6443
5795
6045
9466
5321
5603
4678
7822
7706
9407
3361
4931
9300
673
6262
1694
425
2583
1815
8258
1169
4369
5814
9614
8395
9635
5063
8750
6314
92
356
8205
8896
7044
4176
6701
3771
5140
9263
4058
8319
26
7781
2744
9722
3763
2037
2294
8815
1409
3510
9485
5448
4212
8592
7544
4278
3729
434
6030
4048
7833
702
1872
8446
7514
4467
3683
2092
3350
7613
664
7575
7786
6557
2327
7831
6477
2059
7495
4741
7571
2615
264
6502
7750
4552
7771
7798
1469
6656
3409
2709
9690
1122
6578
239
6509
6051
1590
7012
1476
1006
2255
9146
1952
4708
6329
4816
1905
3911
7387
9976
4344
751
9556
8865
9043
1111
3913
6657
6210
7660
8831
8930
2489
1889
7284
2769
3506
9586
2532
9503
5364
4487
4460
4742
6129
9093
2900
767
8765
9164
56
4774
8757
6855
1367
9016
9475
9509
9664
4500
7275
8037
2767
8923
4743
2462
3172
1853
6572
5626
3391
5871
9634
752
6343
7589
3051
1068
9747
8523
5478
2009
8877
5020
1482
5136
6033
8087
6738
7890
8059
3078
7509
3868
8720
6000
6411
9454
2612
626
8881
3914
394
1987
5179
5868
7359
8602
8406
3196
2300
8023
9237
8479
4016
5581
8398
990
5691
7376
9944
9675
483
4482
6161
3745
8636
7282
8816
7935
1984
1052
632
507
1247
8005
7561
8556
670
6584
448
1572
8114
2555
3931
3994
9507
3250
4079
7226
4411
6516
7457
8764
9226
1734
253
951
9865
978
8195
8269
5383
7488
817
383
3991
9553
8708
3642
6694
857
7784
1773
8525
7779
7256
1368
4902
4255
7524
352
6039
5889
8359
9541
3478
7605
4634
7520
7978
1713
7133
7433
8289
3064
2386
5442
1585
9977
4641
4829
7162
7583
5273
3108
8216
7498
7485
3624
305
5620
5393
5225
2427
6590
9085
7177
2371
8597
5517
7895
7310
6615
5425
1732
7595
5778
8911
2399
1155
7417
9236
9879
6705
3015
2464
3349
9254
6359
8184
4496
6757
4080
9015
3449
5142
3240
119
5925
9478
6673
6879
4026
9886
8565
2087
1937
4027
542
1372
997
6363
497
6697
4899
3071
1712
2431
5397
7081
6978
9197
5569
7804
5890
9058
6536
9163
4434
8311
5157
8070
3660
3335
5200
4518
8486
1168
7763
6050
1424
4656
819
5185
5996
5938
794
9597
2058
8747
5086
9087
6285
8226
6573
112
3061
3612
7101
9870
5359
5281
7543
486
4012
8431
4849
7419
8093
3411
6587
3485
1851
2580
6530
357
1838
5146
613
4551
6750
6519
3895
8826
8626
7033
9221
7674
3747
9482
8984
4384
8202
21
1511
9569
3871
6047
514
8928
195
7943
427
1782
3995
3374
4305
8220
6940
3828
2354
6987
4078
5752
4478
7995
8866
7089
4740
7082
4783
9958
2949
3346
9132
2541
2914
6736
6412
9367
8122
4160
8388
4273
4253
1971
8049
8448
2766
2978
2079
912
6169
7777
8357
9767
9265
7018
5656
9259
2260
7656
1804
6086
8702
2403
1167
792
7290
3820
7655
8681
8697
2562
3163
5039
6946
6119
3195
5780
6623
4630
9400
7034
6532
6138
3291
2723
6152
3874
6644
8389
6659
2501
1765
7330
9395
2897
9165
723
2469
8779
8729
3561
5028
6691
9602
6387
3863
3348
2738
6462
952
7793
1679
6500
2780
4355
4182
2912
2267
9375
4848
2210
392
9176
8527
2141
5445
1189
4205
1120
8434
9064
3418
6972
9862
2839
3656
793
9820
7112
4042
9443
2590
2921
5965
3969
7067
8456
3691
2657
2049
6841
7388
3798
4739
5578
5815
4315
4662
2892
2301
4612
9231
7123
518
2244
3420
531
3586
7991
3571
5132
9644
1133
6013
7080
4579
2080
1745
3917
3896
161
4039
9336
4189
2367
2951
4014
1703
1699
2844
9802
4861
4469
5153
8127
7439
9642
4492
7601
3154
5623
1527
5641
5820
4285
2025
9044
3512
8630
5244
6035
8163
9981
5741
3671
8851
1028
6707
654
5237
3722
4260
3227
9688
6523
2038
9909
1451
6962
5931
3483
8505
3155
1023
3009
1265
780
6823
8805
7449
3678
1466
3873
8588
4118
111
7300
1683
8480
2934
4696
9307
9656
2272
6114
2402
8887
2997
250
7479
9469
2452
3490
3040
387
2187
1092
8360
981
5159
4051
2613
2690
3687
7887
5640
7065
8639
6120
4224
4236
2299
2276
6938
7202
2229
5077
8658
7618
4458
6349
2896
5335
7004
7696
9153
1907
9853
3004
2940
7874
9297
6438
3113
3459
3052
3848
3027
2034
6467
5227
6638
5611
4651
6997
5528
6268
4200
9809
6248
690
344
4872
332
9907
1183
2885
3251
6665
5111
9008
1090
5467
6173
6291
1982
8856
8645
354
3283
994
4544
7692
9969
8408
832
6805
1788
2019
3041
2674
8171
9882
4759
9565
893
9090
6976
3581
1335
6513
5819
9737
413
2594
720
1836
8325
2702
8977
4719
3542
7040
7684
9721
2109
5131
1225
4120
797
9453
4385
9377
7410
7229
9691
1814
9946
7826
4658
2338
8256
7489
8904
602
2898
666
7260
5394
1541
6991
5284
5175
999
4132
9880
7396
1681
1610
7117
8954
5089
1894
6779
5987
6579
4844
6280
9152
1947
9233
6839
5625
3532
1760
6001
7242
8724
9302
1739
7182
3615
2406
6754
8257
6624
4453
9060
7164
7110
4604
6653
9111
9628
2586
4025
5367
7099
1662
6432
816
651
108
3096
6371
2606
8038
7158
3093
4905
5748
3701
9061
4125
5026
2409
7504
377
2263
8558
7537
2714
2698
6278
2549
3254
3304
3530
6254
8799
9752
1058
2837
99
1005
2130
6219
604
8774
157
4474
9283
9805
5667
8600
476
9229
7753
8678
9780
7430
4916
7472
249
8477
9281
6434
479
5221
8993
2705
4152
5214
3804
2816
8247
3553
4786
8674
783
608
8806
1410
9724
958
4185
55
2683
9605
4194
7806
1636
9272
6464
7232
2813
1498
1437
7327
914
1917
7212
9831
8732
4574
617
9905
5669
8390
1178
593
852
327
3326
7557
2391
1494
974
4341
9364
5224
9701
8665
7677
6009
4209
4488
9066
9463
708
7468
2256
8253
1301
9222
4757
395
4122
6569
5875
4416
861
4115
2024
9156
5480
6888
2936
4164
2225
9320
5989
5538
933
6007
956
5479
9707
7135
6776
5876
4054
4021
863
607
2088
1104
3181
3059
552
8050
6005
2581
8855
2575
2055
17
818
6346
5862
1576
5070
5506
5147
9234
4704
1860
1143
8770
4175
9109
6331
4350
169
4382
8031
557
2040
2953
2002
8563
5286
6297
3197
7247
5811
714
4366
2052
3000
6591
9630
5323
3746
5798
6576
5765
6534
9184
1690
1053
9506
1330
7194
509
4537
3316
4698
1288
3131
4257
4593
1177
9276
6898
1271
1925
2352
2716
5203
1864
6134
6352
4289
2158
7594
6062
693
4745
6777
3886
853
902
1542
4161
8361
3551
5395
2061
7307
5823
9470
3186
1923
8768
6417
969
3684
2442
9421
2810
1707
2634
9962
2866
2505
6886
6288
4531
5830
5018
8303
842
7106
917
7150
8353
6162
7315
8245
4301
2467
4733
5824
1059
1983
2878
786
8942
4504
6781
7501
808
4294
9497
5499
5633
9669
8716
3329
2890
141
7321
9652
9418
9294
1705
5587
2905
6180
1822
54
6377
84
4635
4553
860
7195
3217
9611
859
1339
2800
255
6066
8439
2789
1455
6480
2206
1720
7682
9301
6911
6110
7336
634
6529
4219
6393
4139
7441
3218
2585
6928
7805
9910
3057
7993
3394
7036
8903
2557
3037
5936
6151
1549
521
2943
3053
5488
5413
4323
8841
1831
4057
7962
2465
3228
1881
5428
7076
9026
5605
1818
9615
4754
3956
5831
6106
6374
987
4559
4879
8875
3276
5796
1823
6763
3070
517
880
8345
6682
3402
668
2672
9511
7011
2388
7104
2527
9316
8669
6611
1626
3458
3007
3001
1317
3754
8334
178
963
2486
5723
7780
2139
5351
9492
275
5720
9620
2524
9314
1113
6102
2713
8906
6983
7143
1641
992
240
8378
4981
5932
7523
5881
7678
8772
9636
4347
7597
2219
6179
2374
7461
9206
8709
7166
3076
2831
5258
5139
8974
2836
4862
5900
6171
7877
1798
1802
2740
4554
736
9143
85
8119
8092
846
6296
375
6235
4144
9167
3103
1304
3386
3858
5295
7090
5023
3882
9986
6454
1055
9674
118
6990
5745
6647
879
9512
6289
5138
97
4713
3397
5991
1032
9204
2265
5929
546
3810
8625
6775
2778
1156
4143
6715
2246
6496
11
176
7756
1550
9455
8012
9357
8224
6015
5079
8721
7879
4266
8083
7085
8759
6028
1419
2677
1045
5758
3368
8203
9432
3065
6253
9215
538
3926
3617
3357
3045
2134
2308
9957
7118
9551
3152
6309
3767
9975
3533
5568
1538
6398
6571
6955
3877
1298
126
8210
8219
8279
4442
2170
3843
2175
5115
2556
9671
37
9537
4483
5939
2
204
2776
6538
212
4156
9352
2604
4268
8054
3583
9220
2360
3213
2858
2930
7538
6830
5400
428
1599
1714
9342
2782
3849
6620
8244
7424
3381
6103
8402
7354
9762
7794
5100
1693
6090
273
6237
8189
2194
5465
7616
1537
3823
5008
8711
8850
2669
4030
7638
1267
8655
8412
6514
6894
8464
8364
6468
9318
3072
1744
9138
9729
2519
9772
1506
5747
1150
9496
4186
8714
4657
7997
4811
9531
144
6351
7401
5624
367
8290
5787
5799
6232
7352
3111
754
5238
1283
1688
6080
8455
5572
7299
4280
8839
8147
1942
3477
9200
5784
7378
3626
5579
1370
5821
9980
482
7591
2273
4319
4526
3523
3910
827
3929
3500
610
910
6709
2098
3609
1921
5343
3104
3137
5047
2854
5930
7486
4110
1644
1431
9372
5583
871
2064
2547
2670
7799
8225
918
7391
2241
498
2993
3802
299
1976
2942
9568
38
7650
4997
9536
6415
3589
6861
599
1579
4208
9299
6455
8413
6222
8507
3672
7547
1730
2734
8231
1214
1927
5589
7456
3681
4393
4173
4586
3266
1522
716
4769
7205
5914
429
9952
5368
2708
8803
9053
4535
6708
3280
7014
8568
5532
6405
3347
1719
4302
6071
2664
9324
7906
5616
8379
6025
8043
6980
5484
3900
2608
8161
5360
1033
6558
5946
9992
5533
82
6096
3758
7393
2835
6904
3539
9918
5913
1483
8324
7180
5498
4295
4980
1941
7574
6226
9434
1238
7235
2044
561
8034
8433
2965
5194
4522
1384
1829
8075
2817
7236
8522
543
8003
864
4288
8062
2589
7227
4507
2959
5381
2552
7577
4438
3241
9430
9331
9781
6688
4666
2365
1190
6204
2322
4072
2011
424
4086
4869
1946
5319
2649
1399
1884
5097
2675
5486
5764
3073
1157
7637
1102
1289
7138
3147
8740
2703
1913
3649
5722
5923
770
8123
6714
4631
7010
5232
596
8663
701
3625
43
4970
4230
5933
2988
3331
6539
2118
8099
9392
8214
9077
5230
1903
4867
2221
6182
7841
2600
2216
4865
1353
5334
4597
4322
7093
4760
9832
7420
3742
7752
6483
7277
6546
8946
7916
2651
8387
6712
7218
3941
172
5215
3543
8472
9311
9172
4112
4053
7077
6554
9744
8945
5083
4977
9926
4827
586
9878
7379
9945
5786
536
2855
370
1972
1041
6424
6820
71
8333
215
2646
6670
5137
5757
9785
759
829
6764
2390
3310
2739
3371
1332
5163
282
4134
6214
4172
6325
6130
5269
3286
1807
5121
6790
2020
3441
3971
4787
8002
6988
911
5584
9851
5090
4824
3497
5884
3121
9436
8305
9963
7761
6261
2193
6123
5144
4245
6954
6986
9358
4313
2756
1447
46
1141
3715
1701
4356
8047
5263
5054
201
1254
1300
2904
8006
1044
7640
6436
9332
7210
3736
5082
5537
2180
7241
470
4470
9376
8190
6943
6979
5259
1635
7540
3521
605
197
9570
2231
3549
1877
2389
1450
5066
8530
5994
7827
3504
8700
1677
4793
2504
5773
6407
941
9883
1596
3178
7745
8544
8192
6950
6067
6575
6426
3870
1580
2743
9252
5271
4387
7758
5118
7351
7767
3130
4637
8748
3907
8451
5905
2924
6918
5731
4015
5887
1385
8804
9985
1932
8307
4894
8922
3259
8458
2018
7695
7835
2075
4545
3536
1591
8492
7121
6813
6989
7437
1574
5485
1548
5481
6133
9734
6883
8849
3086
3776
2242
9182
9687
1910
4417
919
2345
3475
79
1160
5422
7549
6853
3422
2315
4524
8490
8883
8018
6862
1002
3367
9056
7188
8950
3008
3342
1908
7293
465
8117
2863
5698
6900
6293
1280
487
9279
9433
224
8476
3369
6819
9564
2760
3943
8910
3429
3579
4237
6814
8109
5766
6844
8233
7536
8180
1210
8812
9848
1415
2480
4530
1977
986
828
8149
5556
5251
8104
4601
6580
2812
7409
2909
2902
2232
9917
1153
1875
3501
5559
402
573
8242
7066
7264
5451
2542
906
2368
5494
5621
3317
8135
6188
4588
4397
1969
2509
2987
7421
8074
7626
7068
3198
7362
1056
2515
9169
9134
6394
7999
4729
9913
7386
6271
1429
9618
2884
5648
139
4136
6395
3655
2131
5292
3118
4481
1938
738
6835
137
5285
2238
5165
4203
6984
4330
6442
4550
8979
9383
4333
1618
9881
2783
8197
579
8966
9382
4685
9598
4408
412
7746
7651
6212
4402
875
3511
8629
3056
9901
7308
2433
5706
5804
380
8437
5260
1505
2110
4854
5957
5391
8585
1170
672
5869
9123
7254
9529
8912
7147
7006
48
7588
6318
1939
4486
8731
4018
669
7385
3859
4256
9266
9692
269
9990
6625
5454
9303
3567
4034
798
7331
2401
7402
7366
6789
8501
1539
2157
3284
8313
6153
4473
652
36
3524
5337
3618
7369
528
8823
7933
8664
5721
3805
782
6386
8578
3389
1039
4871
7669
5243
6890
3038
3575
5318
7864
1239
4499
3650
6602
895
3362
9654
4031
2548
2963
3396
9571
8958
7925
7295
1800
247
2610
6793
6192
228
6772
5557
8927
6156
4329
6871
6960
1100
9718
7730
9103
1340
6811
4667
5093
2387
3424
8494
3425
2699
384
1871
9523
5379
9125
8528
9746
7263
8652
9107
2877
5371
4342
4108
14
8962
6818
8778
5570
2834
6163
615
506
7329
8653
5342
4463
4569
3812
167
1021
9423
8362
2550
4335
9180
2007
1357
7425
9824
4581
5926
3474
8489
6307
6769
211
3498
3035
5643
9398
6452
1855
1665
3855
2203
5365
7893
8685
9929
3921
3493
2448
9933
2972
791
4327
1850
8243
5677
883
1366
7920
6340
2681
9403
9349
8320
110
418
4572
7709
6728
130
5148
7994
2704
9461
7951
9726
8845
8146
9480
7603
330
4738
1575
9291
5586
8373
4178
9678
550
1868
7311
2105
4498
2172
3595
3782
5832
4199
1577
6414
5912
629
4415
4386
7455
4919
8140
1229
8755
4864
1629
3099
4119
8035
1013
3215
4169
1491
8531
1931
7199
5670
3384
3940
491
3168
6755
160
2870
3503
2474
1154
6382
8237
1507
406
6166
4002
198
7394
4700
7797
686
1986
9390
3479
9697
7262
890
8969
8394
8862
1789
4465
616
6968
6034
5812
2748
7687
533
1237
3091
2531
2950
9750
485
4971
6383
7871
4722
5664
4005
8004
9928
5366
6191
8638
6242
5846
1273
8156
4993
5874
7042
6384
2240
957
5717
9411
6634
9191
6319
8503
6909
2091
7482
7422
7872
307
6593
7883
5771
9727
8274
8726
2411
2792
4340
8616
9051
641
758
9547
7676
9448
2971
9228
9104
158
9458
6244
7258
6224
4820
8015
3416
3207
9858
1519
3110
8798
7748
4939
350
2385
2631
6964
7834
254
8907
3819
554
3339
5419
4084
9768
27
8384
8648
6128
2665
3379
7969
7959
7729
7274
2579
401
9186
7534
2945
1689
2022
9120
7635
4159
5446
9549
9885
309
7022
4882
3327
153
3413
9133
927
9619
359
5068
3774
6450
6831
9758
9269
2526
9091
6926
9585
3289
6054
1962
7581
5427
2818
9295
7580
7278
5257
9166
1149
2577
4306
1336
3344
6552
1841
6540
5508
2120
7934
3909
3674
5390
6186
2715
3623
4775
3255
300
4576
7942
9131
8144
7662
6668
2998
8397
4490
4933
2466
1363
1060
2927
4523
8745
655
8121
6295
9178
5280
558
5968
5166
7506
5712
8370
1600
7617
7785
478
5067
2832
1025
8821
9731
6903
3878
9274
6924
2346
2975
1824
3208
9287
7334
9117
7291
7990
4316
4727
7203
8020
9198
8250
6057
824
2639
3576
6486
6087
3031
304
897
4638
6453
4609
3966
5597
8758
7445
4940
4383
3466
2350
5293
4071
7909
1477
6622
8582
6565
453
8399
3738
6599
1992
9007
5340
4303
1879
22
3659
1405
5934
2313
5002
4357
8298
1929
5703
1147
5575
9002
4591
3134
2475
510
5242
9195
5805
2413
365
4821
5099
9055
8166
7992
3829
398
5857
3288
7267
1453
802
1197
3933
8416
3157
8372
8483
123
2279
2871
3721
1084
262
3321
3967
7558
8751
8167
4616
7382
578
8738
9110
1383
988
1460
8752
1017
1251
3287
7755
7403
146
3845
9683
9483
746
9306
4886
200
3998
5416
5695
4563
8574
1517
660
7038
5546
3528
6838
7530
5759
1553
9798
7508
260
6446
196
2928
7286
8668
6478
7171
2843
5825
6058
3694
32
5636
1621
8635
1486
1959
5062
5033
1320
6447
5817
2005
8814
7578
5736
6537
9526
1344
2633
7191
6175
2838
4191
3334
8872
9305
2737
3290
909
4378
6286
9770
7429
2880
9033
2490
113
3139
1883
4138
7782
8030
5612
4660
3075
7478
8199
6759
2117
4989
5385
2770
8085
1236
9567
4308
717
549
3034
6933
8232
3872
1775
9130
4506
7257
499
7611
4196
2202
7406
8292
2372
6488
4512
8422
1904
1489
5124
315
8420
4239
494
740
642
8810
5655
5682
2408
7876
4364
6887
9657
5110
2656
4647
8090
4229
1742
7016
1411
6213
184
4649
1326
199
7878
4044
1066
4254
2559
8009
2437
8445
5531
1803
9201
1637
2637
710
8773
6961
1074
6023
1653
8924
5653
2602
3689
5649
888
3762
3159
6481
8081
3378
5661
6595
8474
6627
4906
2127
2684
7244
7094
544
5543
8055
3470
3476
7193
2270
5726
29
5599
8301
4462
4962
1722
3164
7941
4909
5127
5794
9763
712
7894
2521
8344
8276
2741
9941
6939
5024
12
3537
4010
764
7228
847
1793
4198
5313
1434
7803
8902
9160
3398
45
3735
789
7487
2992
1029
9815
2572
4858
4443
1687
3668
8056
776
9427
4735
7720
8076
8207
505
4644
2297
4214
4321
286
898
1758
6932
4065
6501
7148
7105
4853
7699
2932
1667
1749
6105
8148
5840
60
5504
2635
4863
8204
8820
5826
5019
9248
379
2048
2964
8295
2845
7593
2537
9552
3471
1888
9027
6266
3544
1471
3554
2761
1095
8613
5199
734
2046
8401
9214
3222
5970
1151
6487
234
7496
2031
6506
8064
6995
8449
796
2745
1856
7774
1355
4633
3273
2539
9764
2343
9025
3697
9575
3651
3893
4590
2990
3271
492
4226
3263
2243
2237
3629
3696
2430
124
1256
7542
2946
5514
9719
7735
9938
1378
1380
6631
656
9289
8380
2728
4995
7556
7957
8421
6239
9330
5041
9059
5511
774
7301
4825
9406
1801
9795
8488
2641
5596
6658
4073
1975
6132
6276
5593
737
7270
4812
9650
7201
4515
2787
9247
272
6702
3406
7500
6264
3451
2742
347
1244
256
8293
1625
1602
2569
6504
8152
2434
7364
5177
9039
4297
8091
795
6492
7932
1953
6322
5951
1299
6836
2111
3446
5080
1413
385
2754
6292
5212
4951
1302
7505
67
9970
850
4693
6101
896
70
6845
5617
4622
409
7847
7392
3482
7298
6003
3010
3685
9841
6380
6521
3455
4141
8073
9935
1349
1671
7186
3062
1503
1062
1325
541
3020
8218
6299
116
9517
9548
2719
3598
5126
6564
788
8014
4475
4399
2068
5170
8341
4033
5197
7862
7553
2302
9054
3050
6748
1951
4336
7167
6923
1656
7064
9968
5734
313
5942
400
2253
7007
2353
9431
3088
163
8989
5267
3779
4414
3633
5774
1736
4779
1747
8975
5460
5180
3963
5477
457
3182
9245
6632
1612
7747
4258
2794
4948
8540
6704
3448
86
681
1708
3375
6851
2824
302
3177
4337
2948
5466
2348
7694
5235
1914
6942
6440
4998
1406
2788
122
7287
1955
4249
8217
8703
3861
7337
9560
9594
1891
5344
8641
5135
4431
3837
1826
443
1072
2969
2508
8583
618
3807
1440
5550
2852
5349
9646
149
9310
5016
8534
7788
4878
2435
7400
4274
2249
3236
8212
4850
2396
5510
52
1754
2561
411
9616
7169
6046
2518
9670
2062
2853
5708
3219
181
9607
4485
3028
562
4580
3408
6190
8438
7513
5253
3465
6645
9711
9063
1496
874
8132
1216
4744
4674
2074
266
2307
1643
9740
8097
5810
2848
349
2053
6011
244
7450
765
2795
3330
8107
7866
5276
3980
3508
7846
3706
1684
3603
3643
3699
208
5241
7713
706
5986
3089
5793
4714
6756
5547
6613
2050
7715
6189
5665
3399
2043
7380
1128
5105
3846
3275
9203
1297
1108
2440
4406
1645
9895
8978
3016
4815
953
7061
804
9896
7928
1996
7896
8701
2384
4947
3761
4494
4269
548
8687
1397
8186
7510
7189
9888
2830
9335
6336
4521
251
2482
1950
1331
6604
5196
7002
5629
3968
2907
6993
5369
8308
252
5707
5585
2296
9290
9840
8471
7921
1290
2218
7347
3661
1670
5566
7173
326
5958
1123
9854
3688
4151
6833
4362
8857
423
2481
3881
1400
5252
2640
5961
9267
8240
7711
3365
495
7215
3314
8615
9441
6780
7708
9105
6535
4599
6391
75
1594
7645
3401
9964
6650
4505
5226
8457
6583
525
6744
7122
8847
7360
473
5697
2710
6449
3831
9371
5527
3768
351
5449
545
5228
4241
293
6421
474
6882
7845
7808
8136
6342
3447
6431
2724
8316
4528
7801
7055
4097
9966
1416
5768
5283
8545
117
9806
2647
8348
2124
7132
3019
4781
1869
8780
4389
7821
2275
63
6006
739
9416
6466
6109
9340
175
2540
821
5602
9137
4840
7288
5011
3299
1310
1316
6111
5850
7642
2736
5818
6428
4037
5341
1790
4008
8967
1733
9102
4702
2908
1997
5053
5788
5713
1042
7070
7902
1275
881
9270
625
7234
2833
8628
695
3211
168
8321
9622
7404
2261
9092
2417
8733
7397
2460
3060
7762
9238
404
3562
503
2476
3224
4870
1391
2305
6726
2621
5378
311
6985
7775
1051
5236
9554
9088
6753
5098
5496
3277
8118
3894
5195
230
3842
4598
9911
1485
7539
8521
9210
7428
7744
129
7620
6782
836
6283
5031
7507
3123
3012
9792
1658
8450
2625
8553
922
287
2319
8096
3487
9037
7338
6174
9673
3355
3036
1993
6700
8634
3495
1843
2268
6420
4040
5982
6469
5894
1663
3328
9351
9916
4331
972
5973
1966
2259
4493
4137
1784
6301
2735
732
8447
6788
277
7721
4628
6017
237
1861
2516
3333
5503
6121
8443
742
2100
281
1809
2731
6542
597
475
2960
324
2378
5718
455
3370
1848
2041
1622
5529
3469
5966
2334
3320
7679
2893
7197
4834
4109
2495
6915
3799
9668
6812
9694
8766
3653
8844
62
2428
61
1717
8497
3249
884
7913
4437
9155
6827
3608
6930
8278
2095
5883
1112
7736
1559
9323
8895
5101
6953
9660
417
809
1678
4765
5254
638
3787
4736
7120
6243
7453
7673
2678
3955
7175
4276
5613
5051
6876
1995
9275
7176
3343
3505
5046
8781
6069
1441
7888
1217
4571
9378
9784
5681
4400
89
1136
6878
6497
6032
8466
5094
7276
636
3635
7728
6588
4117
5549
9439
3682
7087
6016
551
7859
1096
4114
6999
4720
1395
4283
2454
530
7233
4797
4407
6256
713
3407
9101
6695
4519
4822
5937
9995
4147
5525
9710
5411
4964
6770
2785
6680
2451
3897
6721
8520
9451
5401
3325
8776
3488
7686
98
7426
1492
1924
4617
4111
3161
4925
125
6905
5363
6797
466
8939
2517
5746
8330
8587
2415
4626
4541
8892
3958
9846
7416
1810
9937
1899
689
5969
1129
2215
7098
6330
1163
4043
5329
8328
9360
229
4459
7447
7211
5733
7939
3547
6837
8282
4448
8706
5229
1611
3600
591
9978
8131
1830
8581
6570
6685
3200
6551
1488
5751
2611
2381
8482
193
4922
4548
3606
6747
4776
6430
191
7634
7560
1195
8631
6306
8792
8793
2135
3714
493
2410
1281
5415
5081
9452
9029
7619
1989
8642
451
1544
5687
4374
5903
1245
5512
5001
8657
9956
8072
369
7220
6145
6672
3445
6104
7381
5622
516
3840
5029
3902
6225
9278
731
7759
4778
2624
1083
4770
8782
3844
3117
5112
9816
7001
4028
3978
294
5495
1311
7919
6396
3789
699
6364
1761
7714
5683
6310
7249
3648
7562
9600
8089
7414
8178
2857
382
7304
5261
7683
1750
9205
6683
9373
2289
9401
7084
5952
5038
5487
8151
6315
2570
9775
7443
3559
3100
9621
2954
8435
9341
2114
7355
2414
1352
2616
1106
1276
4403
6365
1093
6259
3791
1935
3928
1037
6875
8735
9253
1837
6870
8900
5406
2807
2867
8238
9557
3616
5265
2757
2697
2598
7659
2620
4624
4836
2937
1454
862
2815
7975
8508
4074
4343
2429
6810
3216
2287
77
246
8343
5702
8905
7389
3464
9232
7936
6326
3115
5450
2803
7109
5336
1369
9874
601
4817
6094
1727
3212
8252
8306
4287
3047
414
2920
3234
3270
8318
6696
6350
5650
7741
7492
2363
9162
6413
381
2003
8787
5491
6526
6511
8461
3570
996
6076
284
3203
7333
3850
2213
7732
8168
1812
1009
7776
4318
9648
5802
5474
5709
9374
268
5438
1026
174
6181
7675
9036
3127
5407
8762
322
4377
3667
9493
1176
6681
2211
5902
9625
5220
1862
7465
7738
5396
9312
8310
1704
8481
9736
7062
1098
227
6139
5750
4830
5684
5631
1057
6448
8570
6461
1797
1307
1061
3107
5167
1964
3132
8013
9072
3282
8618
6018
8824
8130
1844
3239
2457
7559
5577
6409
803
5756
4996
9096
9850
173
9067
1364
9696
4128
9799
4859
6768
9356
1365
1203
1308
9032
5841
9070
8115
3932
4503
5045
2485
1142
6029
9987
5012
3936
6843
4421
6072
2192
2929
9168
2958
4881
3560
9004
3990
6073
3899
7181
9637
9257
6522
6806
2811
4207
2008
4029
2822
7949
4510
187
2977
9046
30
4979
7940
2874
5959
15
8796
1199
1124
9006
5775
6127
7672
7840
9641
3786
5984
1965
4263
9522
4813
7322
7124
1064
5924
8756
8262
7885
6202
6610
7607
3395
6952
3628
7463
3318
9019
8683
4527
5783
2865
5627
5999
7172
4846
6249
4363
3024
1173
7849
1077
4102
5201
325
8915
5483
3453
4978
6773
3646
5860
5050
1091
886
1634
399
1427
4140
6687
2069
7527
6598
5562
3235
6821
9562
935
4930
1647
6043
1010
2984
5595
7937
3032
1241
4663
5161
7294
90
1152
4149
8554
4435
2926
3358
5245
3986
218
688
9370
2922
9329
7918
4985
9471
985
9256
3237
1235
8899
2829
4309
5143
3382
6832
3520
7003
7053
913
2941
4296
9887
5040
6577
9949
1321
57
5885
4837
9148
1655
8801
142
2851
8469
1329
8932
438
8996
524
6791
4692
841
744
9932
3903
8042
1264
2412
7050
784
2278
5944
8484
948
4096
6807
7480
1262
4345
6021
4371
7041
9819
8086
6236
1463
6048
5071
7511
5456
6803
5130
8336
4457
5971
2379
5213
1696
5872
1459
4589
8610
8024
8972
5675
9424
9464
9083
2564
3160
2576
3006
535
6727
5976
7621
3049
9150
320
374
1936
2619
2494
6614
1783
1207
2976
9199
7829
7346
9698
9157
1016
4780
2136
3535
5935
8001
6002
9527
8718
8573
3173
5443
8832
3281
454
4061
361
2846
611
1546
2875
1718
9450
2269
1521
1338
59
220
8842
908
4348
4127
3797
5761
2479
1047
1737
7358
5468
965
2819
1457
6328
6355
3507
9098
4232
4785
8564
9972
1528
1535
5304
7929
5332
581
3366
4444
7625
1607
9284
2986
589
2033
8888
6917
644
3125
694
4568
7889
9381
6317
4131
6024
9998
7502
5182
3769
8571
9898
8769
5114
7373
9892
1897
7982
4938
8828
3443
6545
1035
9447
1901
7526
4472
2798
6063
4847
31
6992
4358
7861
5701
8169
7131
2183
9465
904
7981
2820
4695
6994
7903
1545
7688
5141
3765
1088
8532
7602
7892
1813
9394
3585
3860
6846
5604
1650
6441
4723
8249
6312
3352
3563
1219
766
3221
8561
8660
726
4013
1396
2596
83
2654
916
1085
4594
1569
7341
6582
6737
3454
2332
3082
6732
4121
9525
2112
4699
3979
5907
9048
5853
3778
5470
2777
6358
6311
6389
4542
4852
6671
462
6324
3883
3421
595
6731
7491
2036
5836
3582
4809
7568
490
762
5372
2419
2652
2487
9788
7459
1649
437
4606
4555
5598
1303
7809
450
7370
975
9243
2281
143
4282
4184
7816
7339
657
8846
403
9315
9213
5896
7585
2694
7770
9296
2094
1664
1036
501
9961
194
9045
4221
6804
8712
5462
1484
900
1791
53
4325
3594
2356
8116
4271
6055
6279
9860
970
3764
8548
6228
8143
8044
5540
2759
4007
8154
7882
590
9065
7102
7910
628
547
2599
5847
4275
6698
7107
4390
5036
5849
4924
2915
6099
5022
4024
8453
9260
5816
3415
989
8323
6020
2252
6075
7703
6422
4251
4937
2000
233
2974
4310
1099
5424
9124
8473
2223
4773
3944
3597
8440
5476
4718
4023
480
4223
335
1786
3578
6347
9940
2291
8948
8459
337
3702
7985
1278
3267
5055
5628
9789
3170
3856
1563
1561
7225
2507
2983
5310
6643
7361
6761
9779
8071
9601
6639
7988
9923
6815
4636
5032
3302
4420
2850
9639
3884
7857
4688
6217
5191
1305
3666
2567
6867
2441
5990
5886
442
2861
6370
2536
9947
3923
1474
8236
6060
6965
5186
8552
5421
3434
9363
6267
8834
2659
8941
4715
9499
6078
7265
4748
7097
3590
3183
4349
2729
4732
3876
6589
2347
2529
2459
856
6474
8537
115
7375
6282
7252
1146
6710
9467
4069
5339
2563
2342
6246
7648
513
6215
5403
4798
9249
7639
3891
9097
7600
4746
9216
2285
4197
8723
9791
6920
6334
1873
433
3645
5347
6568
7576
6473
9716
9836
1043
3460
4963
3815
3324
6400
2380
6270
2903
6842
8670
9959
8619
9251
5901
8200
103
6640
2423
4610
4148
8667
3574
2179
7652
1432
9953
3400
9521
9354
1131
8617
5423
7881
3353
9889
8391
8170
8627
876
7592
707
7966
667
2804
8861
4942
9876
7111
6969
6560
1418
5356
8746
6397
4162
6574
5864
6941
1345
4235
2436
3607
8951
3214
1478
8672
1896
8884
4202
6856
5979
7927
3097
9298
2755
1172
725
8509
9574
1417
6227
603
3949
4982
1998
1948
6107
6348
3278
3226
8419
7989
5461
3392
6547
7059
2030
7917
7768
5430
5945
7037
9128
3770
2693
2726
8270
8551
4842
4155
9672
8383
5426
9510
7579
9108
7983
2979
4577
6840
9086
5027
1030
9286
1117
2293
5192
9828
8533
4286
2188
363
6908
2888
1358
3083
1525
4142
7955
1226
4234
5878
7783
6778
1523
2227
8791
4056
2790
938
865
6369
8452
7423
7292
469
9520
2573
7374
2330
74
1624
6143
444
6916
7739
9194
1328
7970
214
5689
93
5785
3908
5209
5268
5015
8065
1835
3534
5582
9481
3939
6402
7415
6562
2533
6724
9608
2768
1675
6332
6117
2190
248
1515
3974
851
2593
813
3568
2525
3144
5696
9235
3102
4449
5673
2528
7272
8956
3821
3898
2887
6366
96
165
9868
1461
6929
6608
9484
869
420
4655
9939
3245
9702
7436
849
8609
4373
3953
9387
4228
8248
647
6303
5635
9555
6392
5324
3985
6746
2264
9829
7828
9250
1422
8036
6367
2935
1898
6284
8517
7224
4339
3713
9609
2488
1105
5405
6959
3529
6592
3308
887
4379
9954
3171
5882
3811
5052
564
5048
522
8288
8363
6155
6925
459
650
9422
7612
8995
271
7129
9684
4566
2910
5060
6567
3879
718
1562
511
9720
4659
5004
6341
630
826
1443
4934
3150
9012
6252
210
9127
7967
2393
132
1180
9739
9756
1961
4935
619
292
6510
7867
9778
4961
1839
4085
7609
5092
1179
3499
9572
2493
7685
9844
5106
729
447
3906
9733
5482
9338
7054
5107
679
5539
9934
5502
2511
7671
2478
2163
5534
319
7665
1342
771
6233
1726
8221
8021
4177
6141
529
2860
6197
8691
648
3166
4238
9566
3759
9545
2582
7974
8174
700
7818
1430
2125
422
8680
2571
4903
9864
3596
1097
6223
7349
5433
5014
5354
5727
6713
6187
9211
2295
526
8873
6082
4413
532
5168
4060
8992
6207
2797
4654
5545
7719
7151
7475
4367
5043
9812
1532
9797
7136
7474
6799
696
4892
1269
7028
5791
4045
4497
2257
1820
449
7160
6313
3599
2911
3345
1685
4556
9579
2198
4828
9765
9223
3189
7622
3790
3558
8108
6847
6287
1547
5412
7875
1373
4803
6549
6065
6852
5877
8736
6515
5544
9082
2849
7168
9534
7610
4432
5287
9024
968
9142
6124
7907
9592
3026
3190
2595
5769
1144
1071
6692
1284
2513
7628
1293
1573
47
6240
2522
5382
9435
7230
4921
5770
8019
9023
1652
6251
1392
34
7155
1187
5955
1046
1261
3165
343
855
1571
4721
7083
8916
3385
5536
2164
9723
4146
340
4860
1659
1882
568
1118
2071
263
1024
6919
9089
8317
2122
8859
1322
7280
1162
6403
4620
2662
6113
3092
9035
2520
5777
7412
9399
4988
7060
4965
7823
5239
2176
4619
576
1145
2398
6787
4772
4623
2070
4446
1223
1242
4246
9212
2764
9280
1578
810
5389
5006
8441
312
5076
3743
4910
5838
2645
183
4967
372
3179
6205
2891
3631
1762
7157
6419
9321
7245
8637
8661
222
2847
2445
3905
1038
4032
1020
6686
9922
2712
5705
1139
991
431
9999
2623
2331
1994
5848
3430
7340
2029
3042
4398
258
9343
1426
6885
6323
8973
2676
915
2073
4525
223
9404
9508
6149
5374
4183
6630
5432
5333
8788
3961
3728
1004
3188
3153
1334
6327
7026
2622
588
2692
6126
7345
5189
1796
9021
213
7032
7632
4304
2966
2864
5459
3262
2772
2722
1185
4059
6465
4747
3662
7742
8925
3781
291
6784
9782
6
3414
7216
1912
8931
1570
6093
8223
8155
8868
5155
1268
5322
4960
8964
622
19
3126
3925
1916
1188
6895
8593
336
6689
4000
8027
587
9751
3708
7020
5250
6973
1973
8198
5513
7641
9699
3428
5998
7668
4877
1567
4918
3698
7332
4672
1672
5087
4676
3174
5457
3976
2228
5950
9057
3194
9667
1234
9653
4799
1248
2725
7901
4691
3484
2673
5373
2578
5607
5724
6749
1834
3285
9042
7446
7856
5509
1003
7021
9927
9606
8101
3775
2107
6042
1755
9389
9239
947
2078
7529
7796
6263
6375
2262
6792
9151
8612
9003
7039
1374
341
9113
4792
3989
4395
1018
9333
5025
8659
5732
9486
1668
7145
9790
2876
8302
7049
3383
2057
2311
7838
7165
3550
9704
612
7377
3306
1686
7731
1756
7126
3780
9714
1586
1943
4479
2102
8686
7281
2706
5414
5776
5524
4784
6022
868
4252
9842
2680
6850
5187
2247
5222
1957
4063
8172
4368
8864
9449
4857
9596
9754
3013
7546
4293
3621
8215
4088
621
1040
7842
9948
7596
7764
5873
892
9732
6335
2032
1377
4898
2335
2336
7342
2995
3074
6525
7749
2090
6475
9348
5441
7335
2667
7108
3695
3210
7905
3885
3077
9014
9192
6679
9900
4893
5728
3264
1741
5867
4066
8891
3620
6092
9429
8277
6470
151
3260
2720
4129
7629
5861
6684
298
1079
9145
5807
7689
959
3752
4565
5737
6956
8404
3692
9665
7938
1806
661
645
1770
520
3363
9745
929
582
147
7494
1315
3724
6760
7306
7190
837
5573
1589
1840
5352
9573
9920
721
1069
7700
9610
3889
3373
2765
3180
1508
7599
2144
4076
3341
4819
1751
2883
2696
3187
109
3857
2161
631
4843
9071
6720
1132
2323
2626
9074
9931
1425
1920
1213
940
9009
8283
8048
6437
8255
301
5355
8688
4621
1512
7047
2627
6824
4113
3029
6828
2200
2318
8898
8817
2010
4968
4332
1089
8332
3176
9936
1500
5204
3268
1795
2931
5985
5490
1706
1531
8060
9359
7130
2774
8128
135
9081
639
464
7880
787
4354
3140
9645
7137
4670
4353
6378
9095
6667
1878
5314
4953
9715
7565
7664
3748
9811
2889
8193
7043
2461
1963
8139
2806
2510
4796
9187
2113
3680
3704
364
1886
6896
3665
3294
3541
6172
4583
9474
9477
6036
9391
2732
6970
1205
9516
407
8010
1458
6159
8838
6951
9224
1309
2584
8026
1794
2607
3338
6445
760
6559
1805
3098
534
8929
1240
3388
4225
594
4682
9897
671
4124
1954
7088
2753
5145
4049
5947
7185
4075
3417
1674
1319
1968
7418
925
7237
2823
2882
5980
7998
2500
159
4756
502
5315
580
7948
4480
2644
3733
5162
2492
4130
9817
2316
6612
5993
5600
5325
6785
1390
6049
4725
2746
934
1504
1258
1274
5555
5150
1601
6451
6666
421
2174
6356
1008
5289
6399
1646
4851
8863
1285
9991
5576
9539
9327
9456
5233
3525
8919
9240
840
3039
3731
4643
2925
3450
9437
6427
8025
7790
8837
9000
3025
4190
722
7961
6360
8965
2382
9863
7624
3806
4684
8491
8367
4920
2298
2233
6794
4587
1473
8427
7915
5789
7769
4248
303
69
4707
8016
6518
8982
6619
8082
4424
435
6260
296
1292
7156
1070
3945
8808
4888
243
314
6265
711
7269
7636
1130
8876
4272
7627
358
6460
6320
8901
4874
391
1333
3556
4600
4900
574
9753
8550
2506
308
3793
3756
7328
8358
1552
4193
4592
1746
3206
6829
627
5803
397
6074
2137
7690
3030
128
9558
8159
8935
6912
362
9114
3707
3337
901
8717
306
156
8463
7944
763
261
2081
1433
4090
1833
8987
4508
3739
8409
4038
8621
772
2455
4794
7440
9974
3359
4401
7837
2123
8102
7850
3043
6505
7532
9677
5219
7555
8538
5078
7604
5452
982
432
4440
5
9965
7458
91
4215
5652
6609
1448
5828
3149
3580
8920
9181
9787
703
6745
3106
3973
9524
7791
8514
4103
1291
7056
3960
1263
960
5034
6733
136
3323
5898
2512
5891
5294
66
3486
677
9813
7198
8069
8106
5738
7564
8722
3627
9031
2250
177
9193
1660
81
4451
5554
8643
7289
7772
3033
6678
1847
9202
9500
8963
2151
2809
4004
6208
7390
4477
5908
9983
1479
5149
838
4936
4629
3461
1249
8185
1554
94
9282
4533
8640
4665
3880
4372
2700
9261
1738
6975
4673
7977
6629
3313
8400
8429
3481
1387
1785
7973
3438
2773
6234
8259
4307
2968
6866
8211
6168
6718
3094
2266
5897
9227
1221
2609
8576
8068
1520
1769
5515
7187
3663
8651
7079
7725
28
5205
3783
2544
4648
8829
9022
8309
3502
7572
5518
2592
3084
4083
1697
5880
8848
4427
73
4987
389
4771
8970
7760
1200
5674
3247
7438
8120
3351
3673
3604
5073
9208
1181
6544
9293
1475
3981
2155
9681
5920
7217
1978
7398
9292
1915
9514
1442
6257
8690
9118
1780
2799
2558
1627
1597
9190
446
4560
6762
51
7868
5085
9322
4299
3869
9005
8271
9366
5375
4426
3690
150
575
3785
4
5361
3965
3253
3638
7986
9361
9158
1086
5507
6706
4145
6798
7865
7649
9161
8646
2207
1828
4689
3
5551
7030
9345
2421
1449
7326
9309
1348
2629
8467
6052
8654
6586
3587
9643
3614
3522
7431
6444
2023
773
5580
1724
1266
9262
3890
7371
2473
9663
1604
7704
9533
5693
1208
7569
1555
4896
8603
2472
5358
768
9930
9317
2752
565
1533
3232
396
9582
2560
8699
7013
1536
8061
9871
1209
5753
683
7545
1065
7954
5694
5069
7023
9682
8229
1584
1928
4441
9717
6808
5844
245
1233
1692
5154
7025
4573
7344
5436
2283
8138
3545
2614
7312
5590
8251
3452
1808
1497
1446
4558
2177
6077
9313
8516
2027
329
8886
5704
7407
1135
376
5108
9175
9013
4391
7869
7161
5530
5410
1465
4884
1277
6566
5928
3809
4751
7766
7302
6636
9218
8598
1682
4174
6308
152
9559
9001
5560
8040
8498
9412
4107
4603
190
7200
188
9179
8753
2201
2383
164
373
4959
7787
8294
7499
5362
1034
102
5009
3124
8936
6218
2344
8405
8407
815
5943
9308
3246
8436
5303
3145
9246
8063
9049
283
3022
3319
1852
4668
1974
7854
4578
4346
5865
4334
3238
171
6944
4876
7908
6854
328
3839
3751
3566
5418
785
4790
7947
5548
5619
2796
560
5634
1094
9877
1215
8767
1110
182
3864
6435
9604
3942
5172
4831
5211
1224
1845
3800
7765
3888
3380
4539
5552
3457
5662
7213
1218
8347
4973
8591
3924
9414
8940
6517
7207
2045
1313
2967
807
6044
2424
456
1402
2808
127
3303
3233
7884
7096
8580
3644
5316
2377
2655
5744
2320
3703
1654
5963
6157
3726
6390
9693
5700
8741
10000
4116
1774
2443
2828
9325
8022
1779
6300
9629
8542
8134
1980
6040
3435
4213
6425
894
6118
9020
1191
4267
4932
7836
3719
1630
7802
3377
9773
6934
8374
4436
6410
9040
3109
6070
242
5651
6250
120
845
4823
4710
6825
4866
2605
3426
976
7945
9855
6822
5522
317
5852
6531
2601
825
3565
3432
114
4218
9793
1001
9834
6274
8327
3676
8813
7305
6379
4838
931
2280
4941
4788
7074
1811
8103
5658
1186
6216
6646
2146
8281
1109
8194
9419
9757
1817
9584
3951
348
3988
1166
9827
4312
6725
3841
8376
2277
5072
1748
3794
6739
9339
8275
8908
7522
777
7912
6902
757
1114
8682
4211
5663
9530
2103
8952
8177
5729
9196
5193
7208
8098
1012
1501
9397
3753
7296
606
1582
4381
7427
8444
4222
3269
6874
5164
2666
3795
9891
4928
3718
5983
3017
1510
7570
6541
6122
675
4165
5151
4412
6998
3517
7614
6304
1381
9730
6439
9396
9362
8067
2321
7550
9209
2534
8590
9017
6868
2028
4585
4818
7723
943
5198
2101
7654
967
3808
3915
8802
9725
7365
715
4429
833
8926
2881
8385
2230
2395
9347
8607
3492
2076
9803
8284
2868
3637
9801
8794
50
572
2497
7724
9038
5059
8377
4795
2290
8998
4845
5278
8546
5967
9735
8710
2222
8432
8299
4614
4664
8392
4949
3202
7606
7170
684
7737
2209
3514
3136
4468
559
6957
2603
3274
3531
805
5326
2970
9135
1632
9073
6507
106
8285
1620
8656
333
7851
537
6097
3364
3305
7103
3803
5249
1700
5743
9494
2648
7324
331
9890
8337
584
1633
8504
7154
7515
4999
8650
7015
7384
8666
5678
4602
1067
936
3999
3048
1763
410
2312
3592
7870
8209
4561
2199
8039
3916
1323
8997
1194
4351
3340
5668
3068
1979
1691
5535
4314
345
3658
3760
8273
831
4163
3548
6429
8287
1502
9826
8867
4082
623
6203
6765
334
1000
8713
9588
3887
637
8032
5387
9041
5921
4279
3552
7924
3272
9010
5851
2329
3489
7733
7554
2502
4901
1628
3824
5762
3605
8789
5386
3788
7444
7357
6200
8206
6201
5202
6416
8744
1909
9908
4595
6031
6195
1603
4681
3372
3256
1436
983
9587
570
4661
7127
1874
1127
1232
7661
5431
5779
4944
659
2483
4653
3242
3717
9379
2791
5475
5240
1985
8057
2093
2051
8889
3992
8260
2369
7691
1640
7255
5574
2895
3433
9538
8291
5699
9174
4396
3700
7266
2251
4697
8577
2355
49
3862
7222
5370
854
6963
4019
9268
1174
6482
5716
5471
7666
5091
8874
496
6674
6626
8188
2444
3158
8976
949
6796
5927
5037
1560
9759
7467
4764
5437
8230
5893
4456
9504
8157
9028
6621
6947
2691
5594
4607
2286
6302
4907
1341
6740
930
2236
540
2349
680
1184
7009
2185
4445
353
6230
1375
1911
1462
4567
4359
7259
9159
9368
2869
3519
1403
5122
6241
9444
3686
3622
2169
1534
2341
4807
16
5298
4123
4904
4716
6433
6247
3311
8165
1202
5995
8339
8213
5735
7987
3892
2859
5331
3423
4001
5977
9742
3825
9491
8111
8314
209
5870
1970
388
7922
3996
3322
8696
3983
2771
355
1857
6160
1287
4915
3412
6209
8608
386
145
9408
1193
7792
7810
4206
9079
7551
2148
3079
2685
3832
9285
3654
8297
6012
640
882
4752
1849
3822
2650
4247
9384
4094
4730
620
72
5904
3613
614
6373
2801
5453
921
7598
5642
2750
2916
7979
2108
1588
6528
1557
1438
9219
1456
4489
4703
8179
8800
5288
2004
6996
5639
2084
5102
4201
8280
7743
6084
8947
3309
5075
1388
6401
5088
8366
3982
8100
2530
366
9993
4405
1490
9052
4361
7646
5910
1212
1792
3129
2840
1125
964
8633
4706
6183
8029
8679
4782
9207
5739
2630
5120
5279
8739
2707
9706
6717
8191
6144
2288
7460
2668
6897
8541
4839
1078
9989
8418
180
4017
1565
7100
7017
5657
5399
5564
3229
1825
2063
4170
3169
5000
7839
8704
9979
9904
5981
9515
5892
489
3356
2565
6641
9830
3014
7214
8909
25
6494
6937
5781
3128
9924
8493
5827
321
8386
9689
4095
3518
3557
5567
3540
4328
1296
9685
4217
1050
235
1529
5404
7819
4532
9849
7984
8692
2786
7980
5277
7817
6857
8084
9047
3301
1642
2284
8424
9623
5565
8569
2248
1725
5434
3112
1318
5317
4055
1729
8235
8843
1616
2747
2351
870
4454
7958
9997
1211
9988
8715
5458
8953
1723
5330
1558
3120
1464
8917
2687
3634
1260
4701
4908
937
7830
7221
1470
6158
8536
3564
1082
1286
9258
9861
9624
2357
6423
9369
7464
3792
5327
6479
7024
8487
6298
7318
1182
5866
2132
7528
7243
4891
5749
225
9
3818
8880
2671
1327
9255
519
9661
1673
7466
2938
2758
878
1999
2470
2553
6935
7931
7697
4370
2918
1412
2793
2642
7518
6817
3044
4003
1772
3244
6231
2805
3081
7590
8547
1121
4642
1631
5835
4047
6491
8579
3405
801
4509
3444
318
9783
3709
2239
2254
9106
1148
8524
4611
9136
9050
8346
4259
6703
1282
3569
977
9867
966
4311
5690
6981
7069
6272
5710
8840
2944
6849
8058
4873
185
8893
5949
8777
9857
5638
756
9388
7853
5173
1509
1639
2204
2006
3265
5974
5113
3067
3918
7667
8028
8133
1919
5291
9230
9544
2214
3223
7473
6662
419
203
7239
3090
5013
9393
2016
1867
9030
5561
8393
7531
7923
9550
8853
6281
5975
1816
1350
9950
6495
8183
5208
4755
3480
8137
6601
7521
8365
9796
8822
2017
9800
3833
962
567
2636
9271
5711
440
8396
6184
6864
1201
4484
4093
4062
4806
1019
3258
9680
5679
2115
2638
6880
8354
4250
7701
5184
5754
2503
4726
7926
9415
7582
7702
9069
932
7681
1171
6361
8329
747
9062
9080
5916
4290
5654
7323
5299
3796
9703
1255
1272
7519
6966
4974
7815
3901
7367
2012
8594
1137
3723
6642
6637
5217
4966
4890
8647
1551
2628
6353
9126
2523
814
727
3827
8707
6385
1198
9943
338
4808
8312
1716
2001
7309
1918
4582
2274
4804
7658
3741
8885
5338
7250
5497
7497
9613
2154
3279
2658
9413
1407
9951
649
7647
583
4216
4880
2688
6881
3935
8234
6498
1945
3011
2919
5660
5158
4632
1930
9915
7727
6112
4969
3516
8934
6004
5095
3185
3669
1115
9837
2217
9018
9632
3937
134
2899
3472
9845
3119
2617
839
1444
7663
6229
553
7710
7454
4540
5256
8342
1518
6669
1376
4326
6723
2456
2104
7119
2150
4281
5879
9183
8008
4680
9386
9225
1371
2886
104
3611
1592
6037
1583
6628
4946
5223
1587
8322
4570
1138
1568
2955
274
7240
5464
8988
1076
3734
6648
8673
8835
5218
8790
6485
692
4705
7134
8921
5911