732
667
281
914
562
533
456
18
151
956
21
965
77
549
476
700
643
837
28
283
865
567
301
753
568
591
122
402
321
718
378
929
577
899
484
852
385
721
522
322
370
530
786
245
624
704
992
224
217
588
840
663
53
375
942
174
271
514
977
118
96
969
261
312
60
885
978
272
924
649
184
343
654
759
1
233
136
192
177
675
563
489
356
765
516
936
123
421
794
459
775
216
42
508
210
982
706
344
928
357
263
558
955
935
382
904
685
550
23
198
932
962
954
731
218
110
827
208
821
91
166
425
228
206
138
751
578
631
141
413
183
287
100
856
310
950
37
137
594
619
114
839
278
799
740
471
810
780
85
152
657
734
40
570
595
592
686
877
139
913
428
632
666
710
324
583
694
606
386
696
767
887
778
80
143
325
677
911
277
105
179
258
819
231
282
633
443
875
109
862
439
34
223
355
155
487
518
316
760
204
723
771
782
502
163
892
200
777
895
115
483
960
15
451
611
668
147
468
939
966
792
79
537
976
707
120
165
579
300
644
89
980
406
571
347
973
509
342
597
438
229
286
838
872
528
410
309
209
92
541
923
603
697
671
975
713
781
236
653
941
534
831
235
798
417
832
898
175
535
162
811
448
505
854
12
214
587
500
298
504
47
252
580
178
674
525
680
359
161
494
820
441
103
695
559
961
346
748
275
974
817
638
353
615
922
585
548
320
113
859
845
474
822
520
776
907
55
785
64
715
81
256
70
38
531
796
482
98
315
670
787
793
172
453
408
586
239
728
475
423
414
144
846
130
108
629
844
803
437
16
747
303
990
532
683
336
824
213
452
755
994
290
712
266
601
405
234
745
349
981
156
598
262
739
222
294
805
642
41
306
50
302
154
358
617
996
501
879
159
769
556
119
304
372
377
337
985
436
440
197
461
920
455
709
237
280
959
323
101
681
784
826
125
445
938
292
329
665
991
230
46
187
111
813
305
986
140
56
641
33
293
59
240
762
190
345
770
614
429
446
194
9
400
927
576
19
22
48
952
702
797
517
983
958
392
842
620
741
561
934
318
692
855
268
708
779
363
672
25
565
945
547
381
867
327
953
220
164
724
248
804
99
182
823
416
203
361
458
515
153
488
87
135
750
807
808
332
493
308
749
31
735
249
331
121
30
637
191
602
133
698
995
526
257
354
738
338
225
669
789
348
73
387
705
703
847
201
104
62
764
744
652
63
242
902
232
608
888
873
890
719
746
660
314
362
851
730
126
54
464
607
384
335
97
418
554
623
434
894
457
173
519
58
396
646
431
510
572
39
881
883
255
729
613
897
949
903
492
36
352
264
761
880
157
682
472
267
693
830
102
940
627
584
399
45
993
93
757
648
4
273
634
128
659
658
168
857
444
196
188
94
350
651
333
412
540
284
467
219
800
979
205
783
650
964
11
394
733
404
26
871
497
882
432
393
112
149
866
943
478
843
727
841
148
756
640
984
717
536
714
604
916
367
848
581
90
944
2
454
127
864
766
462
480
523
947
630
963
997
447
628
403
171
716
145
662
376
711
499
319
326
503
8
971
88
874
68
297
622
968
374
390
65
170
202
469
512
901
647
17
725
790
596
398
259
247
313
131
853
427
926
589
279
818
285
626
169
999
52
246
869
460
426
737
972
912
551
199
477
600
575
116
758
288
442
948
957
66
373
836
78
167
158
496
833
557
656
909
772
806
768
364
868
679
243
341
296
6
411
186
908
918
900
752
664
889
490
84
380
146
802
545
553
988
75
552
546
791
150
524
688
311
289
10
673
481
809
849
95
160
207
72
5
69
142
351
389
1000
76
49
689
742
57
946
931
7
616
420
998
835
328
265
20
299
365
989
560
564
473
129
221
71
212
24
825
621
491
334
366
470
253
569
74
241
211
639
754
507
722
291
430
736
812
260
701
134
910
788
369
612
635
599
395
391
566
254
415
14
687
13
878
858
933
388
106
609
189
917
605
967
987
401
774
409
424
678
544
360
539
930
655
511
795
884
893
590
180
538
699
371
251
407
863
625
32
274
67
107
450
529
307
498
676
763
181
543
720
215
479
691
339
379
35
227
435
610
132
891
433
3
449
465
925
238
815
270
684
876
117
82
860
330
555
340
486
896
383
661
970
193
919
574
645
816
814
44
419
250
485
27
295
870
317
83
86
801
743
176
861
921
29
51
937
368
850
773
527
906
834
636
506
951
618
593
542
463
276
495
886
466
829
422
61
573
513
726
195
397
185
690
43
521
905
582
915
269
226
828
244
124